1
3
5
7
10
12
13
16
17
20
21
23
25
27
30
32
34
35
37
40
42
43
45
47
49
51
54
55
58
60
61
63
65
67
69
71
74
76
78
79
82
83
86
87
89
92
94
95
98
99
101
103
105
108
109
111
113
115
118
119
121
123
125
127
130
132
134
135
137
140
141
143
145
147
150
151
153
155
157
160
161
163
165
167
170
171
173
176
178
179
181
183
185
187
189
191
194
196
197
199
202
204
205
207
209
212
214
216
218
220
221
223
225
227
230
232
234
235
237
240
241
243
246
248
249
251
253
256
257
260
262
264
265
267
269
271
274
275
278
279
281
284
286
287
290
291
294
296
297
299
301
303
306
308
309
312
314
315
317
320
321
324
326
328
330
332
333
336
338
340
341
344
346
348
349
352
353
356
358
359
362
363
365
367
369
371
374
376
378
380
381
384
385
387
389
391
393
395
398
399
402
403
405
407
410
412
413
415
418
419
421
423
425
427
430
431
434
436
438
439
442
444
445
448
449
452
454
455
458
460
461
463
465
467
470
472
473
476
478
479
482
483
485
488
489
492
494
495
498
500
501
504
506
508
510
511
513
515
518
520
521
523
526
528
529
532
534
535
537
539
541
544
546
548
549
552
554
555
558
559
561
564
565
568
570
572
574
575
578
580
582
584
585
587
589
591
594
596
598
600
601
604
606
607
610
612
614
616
618
619
622
624
625
628
630
632
633
636
637
639
642
643
645
648
649
651
654
656
658
660
661
664
665
667
669
672
674
675
678
679
682
683
685
687
689
691
693
696
697
699
702
703
706
708
709
712
714
715
718
719
721
724
726
727
730
731
734
735
737
739
741
743
746
748
749
751
753
756
757
760
761
763
765
767
769
771
774
776
778
780
781
784
785
788
789
791
793
796
798
800
801
803
805
808
809
811
813
816
818
820
822
823
826
828
829
832
834
835
838
839
842
844
846
847
849
851
854
856
858
859
861
863
865
868
870
872
874
876
877
880
882
884
885
887
889
892
893
895
898
900
901
904
906
907
909
912
913
915
917
919
922
924
926
927
930
932
933
935
938
940
942
943
946
947
949
951
953
956
958
959
961
963
966
967
969
972
973
975
978
979
982
983
986
988
989
991
993
995
998
999
1002
1004
1006
1008
1009
1011
1014
1015
1018
1020
1022
1024
1026
1028
1029
1032
1034
1035
1037
1040
1041
1044
1046
1047
1050
1051
1054
1055
1058
1059
1061
1064
1065
1067
1070
1071
1074
1075
1078
1080
1081
1083
1085
1088
1089
1092
1094
1096
1097
1099
1101
1103
1106
1108
1109
1112
1113
1115
1118
1119
1121
1123
1126
1128
1129
1131
1133
1135
1138
1139
1142
1144
1146
1147
1150
1151
1154
1155
1157
1159
1161
1163
1165
1168
1170
1172
1173
1175
1178
1180
1182
1184
1185
1188
1190
1192
1193
1196
1198
1199
1201
1203
1205
1207
1210
1211
1214
1215
1217
1219
1221
1224
1225
1227
1229
1231
1233
1235
1238
1239
1242
1243
1246
1247
1249
1251
1253
1255
1257
1259
1262
1264
1266
1268
1269
1272
1274
1276
1277
1279
1281
1284
1286
1288
1290
1292
1293
1296
1298
1299
1302
1304
1305
1307
1309
1312
1313
1315
1318
1320
1321
1324
1326
1327
1329
1332
1333
1336
1338
1340
1341
1344
1346
1347
1349
1351
1354
1356
1357
1359
1361
1364
1366
1368
1370
1371
1374
1376
1378
1379
1381
1383
1385
1387
1389
1392
1394
1396
1398
1400
1401
1404
1406
1408
1409
1412
1413
1416
1418
1420
1421
1424
1426
1428
1430
1431
1433
1435
1438
1440
1442
1443
1446
1448
1450
1452
1453
1455
1458
1460
1461
1464
1466
1467
1469
1472
1474
1475
1477
1480
1481
1483
1485
1487
1490
1491
1494
1495
1498
1500
1501
1503
1506
1508
1509
1511
1514
1516
1517
1520
1521
1524
1526
1527
1529
1531
1533
1536
1538
1540
1542
1543
1546
1547
1550
1552
1553
1556
1558
1559
1561
1563
1566
1567
1570
1572
1574
1576
1578
1579
1581
1583
1585
1587
1589
1591
1594
1595
1597
1600
1602
1603
1606
1607
1609
1612
1614
1616
1617
1619
1621
1624
1626
1627
1629
1631
1634
1635
1637
1640
1642
1643
1645
1647
1650
1652
1654
1655
1657
1660
1662
1663
1665
1667
1670
1672
1673
1676
1677
1679
1682
1684
1686
1687
1690
1692
1694
1696
1697
1699
1701
1703
1706
1707
1709
1711
1714
1716
1717
1719
1721
1724
1725
1728
1729
1732
1733
1735
1738
1740
1741
1743
1746
1747
1750
1752
1753
1756
1757
1759
1762
1763
1766
1768
1769
1771
1774
1775
1778
1780
1781
1783
1785
1787
1790
1791
1794
1795
1798
1800
1801
1803
1805
1807
1809
1811
1813
1816
1818
1819
1822
1824
1825
1828
1829
1831
1833
1836
1837
1840
1842
1843
1846
1847
1849
1851
1854
1856
1857
1859
1862
1863
1866
1868
1870
1871
1874
1876
1877
1880
1882
1884
1886
1888
1889
1891
1894
1895
1898
1899
1902
1904
1906
1907
1909
1912
1913
1916
1917
1919
1922
1923
1926
1928
1929
1932
1934
1936
1938
1939
1942
1944
1945
1947
1950
1952
1953
1955
1957
1960
1962
1964
1965
1967
1969
1971
1973
1975
1978
1980
1981
1984
1985
1988
1990
1992
1993
1996
1997
2000
2002
2003
2006
2007
2010
2011
2014
2015
2017
2020
2021
2024
2026
2027
2029
2031
2034
2035
2038
2039
2041
2044
2045
2047
2050
2052
2053
2055
2057
2060
2062
2063
2065
2068
2069
2072
2073
2075
2078
2080
2081
2084
2086
2087
2090
2092
2094
2096
2097
2099
2102
2104
2106
2107
2110
2112
2114
2116
2117
2120
2121
2123
2126
2128
2130
2131
2133
2136
2137
2139
2142
2143
2145
2147
2150
2152
2153
2155
2157
2160
2161
2163
2166
2167
2170
2172
2174
2175
2177
2179
2182
2184
2185
2188
2189
2191
2193
2196
2198
2200
2201
2204
2205
2207
2209
2211
2214
2215
2217
2220
2221
2223
2226
2227
2230
2232
2233
2236
2237
2239
2241
2244
2245
2247
2250
2252
2253
2255
2258
2260
2262
2264
2265
2268
2269
2272
2273
2276
2278
2280
2282
2283
2286
2287
2289
2292
2293
2296
2297
2300
2302
2303
2306
2307
2310
2311
2313
2315
2317
2320
2321
2324
2326
2327
2329
2332
2334
2335
2338
2340
2341
2344
2346
2347
2350
2351
2354
2355
2357
2360
2362
2363
2365
2368
2369
2371
2373
2375
2378
2379
2382
2383
2385
2388
2389
2392
2393
2395
2398
2400
2401
2404
2406
2407
2409
2412
2414
2415
2418
2420
2422
2424
2426
2427
2430
2431
2433
2436
2438
2440
2441
2444
2446
2447
2449
2452
2454
2456
2458
2460
2462
2464
2466
2468
2470
2471
2474
2475
2478
2479
2482
2484
2485
2487
2490
2491
2493
2496
2498
2500
2501
2503
2506
2507
2509
2511
2514
2515
2517
2520
2522
2523
2525
2528
2530
2531
2534
2535
2538
2540
2541
2544
2546
2547
2549
2552
2553
2556
2557
2560
2561
2564
2566
2568
2569
2572
2573
2576
2578
2579
2581
2584
2585
2588
2590
2592
2594
2596
2598
2599
2602
2603
2606
2607
2610
2612
2613
2616
2617
2619
2621
2624
2625
2628
2629
2632
2634
2636
2637
2639
2642
2644
2645
2647
2650
2652
2654
2656
2657
2659
2662
2664
2666
2668
2670
2672
2674
2675
2678
2680
2682
2683
2685
2687
2689
2692
2693
2696
2698
2699
2701
2703
2706
2708
2709
2712
2713
2716
2718
2720
2722
2724
2725
2727
2729
2732
2734
2736
2737
2739
2741
2744
2746
2748
2750
2752
2754
2755
2757
2760
2762
2763
2766
2767
2770
2771
2773
2776
2778
2780
2782
2783
2785
2788
2790
2791
2793
2795
2797
2799
2801
2803
2805
2808
2810
2812
2814
2815
2817
2820
2822
2823
2825
2827
2830
2832
2834
2836
2838
2840
2841
2843
2845
2848
2850
2851
2854
2856
2857
2859
2862
2864
2866
2867
2870
2871
2873
2876
2877
2880
2881
2883
2886
2887
2889
2891
2894
2896
2897
2899
2901
2904
2906
2908
2909
2912
2913
2916
2918
2920
2922
2923
2925
2928
2929
2932
2934
2935
2938
2939
2941
2943
2946
2947
2949
2952
2954
2955
2957
2960
2961
2964
2966
2967
2970
2971
2974
2976
2978
2979
2982
2983
2985
2988
2990
2992
2994
2995
2998
2999
3001
3003
3006
3008
3009
3012
3014
3016
3017
3020
3022
3024
3025
3028
3030
3032
3033
3036
3038
3039
3041
3043
3046
3047
3049
3051
3053
3055
3058
3059
3061
3063
3065
3068
3069
3071
3073
3075
3077
3079
3082
3083
3085
3087
3089
3091
3094
3095
3098
3099
3102
3103
3106
3108
3110
3111
3113
3116
3117
3119
3122
3123
3125
3128
3129
3131
3134
3135
3138
3139
3142
3143
3145
3147
3149
3152
3153
3156
3158
3160
3162
3164
3166
3168
3169
3171
3173
3175
3178
3180
3181
3184
3186
3187
3189
3192
3193
3196
3198
3199
3202
3204
3205
3207
3209
3212
3213
3216
3218
3219
3222
3224
3226
3227
3229
3231
3233
3236
3238
3239
3241
3244
3245
3248
3249
3251
3254
3255
3258
3259
3262
3264
3266
3268
3269
3271
3273
3276
3277
3279
3282
3284
3286
3288
3289
3292
3294
3295
3297
3299
3301
3304
3305
3308
3309
3311
3314
3315
3317
3320
3322
3324
3326
3327
3329
3332
3333
3336
3337
3339
3342
3344
3346
3348
3349
3351
3354
3355
3358
3359
3362
3363
3366
3367
3370
3372
3373
3376
3377
3379
3382
3383
3385
3387
3389
3392
3393
3396
3398
3399
3401
3403
3406
3407
3409
3412
3413
3416
3417
3419
3421
3423
3425
3428
3430
3432
3434
3435
3437
3440
3442
3443
3446
3448
3449
3451
3454
3455
3458
3459
3462
3463
3465
3468
3470
3471
3474
3475
3478
3479
3482
3483
3485
3487
3490
3491
3493
3495
3497
3499
3501
3504
3506
3507
3510
3511
3513
3516
3518
3519
3522
3524
3525
3528
3529
3531
3533
3536
3537
3540
3541
3543
3546
3547
3549
3551
3553
3555
3558
3559
3561
3563
3565
3568
3570
3571
3573
3575
3578
3579
3582
3584
3586
3588
3590
3591
3593
3595
3598
3599
3602
3604
3606
3608
3610
3612
3613
3616
3617
3619
3621
3624
3626
3628
3629
3631
3634
3636
3637
3639
3642
3643
3645
3648
3650
3651
3654
3656
3657
3660
3662
3664
3666
3668
3669
3672
3674
3675
3678
3680
3681
3684
3685
3687
3690
3691
3693
3696
3698
3699
3701
3704
3706
3707
3710
3711
3714
3715
3717
3720
3722
3723
3725
3728
3729
3731
3733
3735
3737
3740
3742
3743
3746
3747
3750
3752
3754
3756
3758
3760
3761
3764
3766
3768
3769
3772
3774
3776
3778
3780
3782
3784
3786
3788
3790
3792
3793
3795
3797
3800
3802
3804
3806
3807
3809
3812
3813
3815
3818
3819
3822
3823
3825
3827
3830
3832
3833
3835
3837
3839
3842
3843
3845
3848
3849
3851
3854
3856
3857
3860
3861
3864
3866
3867
3870
3871
3874
3875
3877
3879
3881
3883
3885
3888
3890
3891
3894
3896
3898
3899
3901
3903
3906
3907
3909
3911
3913
3915
3918
3919
3921
3924
3925
3927
3930
3932
3934
3936
3937
3940
3942
3943
3945
3948
3950
3952
3953
3955
3958
3959
3961
3963
3965
3968
3969
3972
3973
3976
3977
3980
3981
3984
3985
3988
3990
3992
3994
3996
3997
4000
4001
4003
4005
4008
4009
4012
4013
4015
4018
4019
4022
4023
4026
4027
4029
4032
4034
4036
4038
4039
4042
4044
4046
4047
4049
4051
4053
4056
4057
4060
4062
4063
4066
4067
4069
4072
4074
4075
4077
4080
4081
4083
4086
4087
4089
4092
4093
4096
4097
4099
4101
4103
4106
4107
4109
4111
4114
4115
4117
4119
4122
4123
4126
4127
4129
4131
4133
4136
4137
4139
4142
4144
4146
4148
4150
4151
4154
4156
4157
4160
4161
4164
4165
4167
4170
4172
4174
4176
4177
4179
4181
4184
4185
4188
4189
4191
4193
4195
4198
4200
4202
4203
4206
4207
4209
4211
4214
4215
4217
4220
4222
4223
4225
4228
4229
4231
4233
4235
4237
4239
4242
4244
4245
4247
4250
4251
4253
4256
4258
4259
4261
4263
4265
4267
4270
4271
4274
4275
4277
4280
4282
4283
4285
4288
4290
4291
4294
4296
4297
4299
4301
4304
4306
4307
4310
4311
4313
4315
4317
4319
4321
4323
4326
4327
4329
4331
4334
4335
4337
4339
4341
4344
4346
4348
4350
4352
4353
4356
4357
4359
4361
4363
4365
4367
4369
4372
4373
4375
4377
4379
4381
4383
4386
4387
4389
4391
4394
4395
4398
4400
4402
4404
4406
4408
4409
4411
4413
4416
4418
4420
4422
4424
4426
4427
4430
4431
4434
4436
4437
4439
4441
4444
4445
4447
4450
4451
4453
4455
4457
4460
4462
4463
4465
4468
4470
4472
4473
4475
4477
4479
4481
4483
4485
4488
4490
4491
4494
4496
4498
4500
4502
4504
4506
4507
4509
4511
4514
4516
4518
4520
4522
4523
4525
4527
4530
4531
4534
4535
4537
4540
4541
4544
4545
4547
4550
4551
4554
4555
4557
4559
4561
4564
4565
4568
4569
4572
4573
4576
4578
4579
4581
4583
4586
4587
4589
4592
4593
4595
4598
4600
4602
4603
4606
4608
4609
4612
4613
4615
4618
4619
4622
4623
4626
4627
4630
4631
4633
4635
4637
4639
4642
4644
4645
4647
4649
4651
4653
4656
4657
4659
4661
4663
4665
4668
4670
4672
4674
4676
4677
4680
4681
4684
4686
4688
4690
4691
4693
4695
4698
4700
4701
4704
4705
4708
4709
4712
4714
4715
4717
4720
4722
4724
4725
4727
4729
4731
4734
4736
4737
4739
4742
4743
4746
4748
4749
4752
4754
4755
4758
4760
4761
4764
4765
4768
4769
4771
4773
4775
4777
4779
4781
4783
4786
4788
4790
4792
4794
4795
4797
4799
4802
4803
4806
4808
4809
4812
4814
4815
4817
4819
4821
4823
4825
4827
4829
4832
4833
4836
4837
4839
4842
4844
4846
4847
4849
4852
4854
4855
4857
4860
4861
4864
4866
4868
4870
4871
4873
4876
4878
4879
4882
4883
4885
4887
4889
4892
4894
4895
4897
4899
4902
4903
4906
4907
4910
4911
4913
4915
4918
4920
4921
4923
4925
4927
4929
4932
4934
4936
4937
4940
4941
4943
4945
4948
4950
4951
4954
4955
4958
4959
4962
4963
4966
4968
4969
4972
4974
4976
4978
4980
4981
4983
4986
4988
4989
4991
4994
4995
4998
4999
5001
5004
5005
5008
5009
5011
5013
5016
5017
5019
5022
5023
5026
5027
5029
5032
5034
5036
5038
5039
5042
5043
5045
5048
5049
5051
5053
5055
5057
5059
5061
5063
5066
5067
5069
5072
5074
5075
5078
5080
5081
5083
5085
5088
5090
5091
5094
5096
5098
5099
5101
5103
5106
5108
5109
5111
5113
5115
5118
5119
5122
5123
5126
5127
5129
5131
5134
5136
5137
5140
5141
5144
5145
5147
5149
5151
5154
5155
5158
5160
5162
5164
5166
5167
5169
5171
5174
5176
5178
5179
5181
5183
5185
5187
5189
5191
5193
5196
5198
5199
5201
5203
5206
5208
5209
5212
5213
5216
5218
5220
5221
5223
5226
5228
5229
5232
5234
5235
5238
5239
5241
5244
5246
5247
5249
5251
5254
5256
5257
5259
5262
5264
5266
5267
5269
5271
5274
5276
5277
5280
5281
5284
5285
5287
5289
5292
5294
5295
5298
5299
5302
5303
5305
5307
5309
5311
5313
5316
5317
5320
5321
5323
5326
5328
5329
5332
5333
5335
5338
5340
5342
5343
5346
5347
5349
5352
5354
5355
5357
5360
5361
5364
5365
5368
5369
5371
5373
5375
5377
5380
5381
5383
5386
5388
5390
5391
5394
5395
5397
5400
5401
5403
5406
5407
5410
5411
5414
5415
5417
5420
5422
5424
5426
5428
5429
5431
5433
5435
5438
5439
5442
5443
5445
5447
5450
5451
5454
5456
5457
5460
5461
5463
5466
5468
5469
5471
5474
5475
5478
5479
5481
5483
5486
5487
5490
5492
5494
5495
5497
5500
5501
5503
5506
5508
5510
5511
5513
5516
5517
5520
5522
5524
5525
5528
5530
5532
5533
5535
5538
5539
5542
5544
5546
5548
5550
5552
5554
5555
5557
5560
5562
5564
5566
5567
5569
5572
5574
5576
5577
5580
5582
5584
5586
5587
5589
5592
5593
5595
5597
5600
5601
5604
5606
5608
5610
5611
5614
5615
5617
5620
5622
5623
5625
5627
5630
5632
5634
5636
5637
5640
5641
5643
5645
5648
5650
5651
5654
5655
5657
5660
5662
5663
5666
5667
5670
5672
5673
5676
5678
5679
5682
5683
5685
5687
5689
5691
5694
5696
5698
5699
5701
5703
5706
5707
5709
5711
5714
5716
5718
5720
5722
5723
5725
5727
5729
5732
5733
5735
5738
5739
5742
5743
5745
5747
5749
5751
5754
5755
5758
5759
5761
5764
5765
5767
5770
5771
5774
5776
5777
5779
5782
5783
5785
5787
5789
5791
5794
5796
5797
5800
5802
5803
5806
5807
5810
5812
5814
5816
5817
5819
5822
5824
5826
5828
5829
5831
5834
5835
5837
5839
5841
5844
5845
5847
5850
5851
5854
5855
5857
5860
5862
5864
5866
5867
5870
5872
5873
5875
5877
5879
5882
5884
5885
5887
5889
5892
5894
5895
5897
5899
5902
5903
5905
5907
5910
5911
5913
5916
5917
5920
5922
5924
5926
5927
5929
5931
5933
5936
5937
5940
5942
5943
5946
5948
5950
5952
5953
5955
5957
5960
5961
5964
5966
5967
5970
5972
5974
5975
5978
5980
5982
5983
5985
5987
5989
5991
5993
5995
5998
6000
6002
6004
6005
6007
6010
6011
6014
6016
6018
6019
6022
6023
6026
6028
6029
6031
6034
6036
6038
6040
6041
6044
6046
6047
6050
6051
6054
6056
6058
6059
6061
6064
6065
6068
6070
6071
6073
6075
6078
6079
6081
6083
6085
6087
6089
6091
6094
6095
6098
6100
6102
6104
6105
6107
6109
6112
6114
6116
6117
6119
6122
6123
6125
6128
6130
6132
6134
6135
6138
6140
6141
6143
6146
6148
6149
6152
6153
6155
6157
6160
6162
6163
6165
6167
6170
6171
6174
6176
6177
6180
6181
6183
6186
6188
6189
6192
6193
6195
6198
6200
6202
6203
6205
6207
6210
6212
6213
6215
6218
6220
6222
6223
6226
6228
6229
6231
6234
6235
6238
6240
6241
6244
6245
6247
6249
6252
6254
6255
6257
6259
6261
6263
6266
6267
6269
6272
6274
6276
6277
6279
6282
6283
6285
6287
6290
6292
6293
6295
6298
6300
6301
6303
6305
6307
6309
6311
6314
6316
6317
6320
6321
6323
6325
6328
6330
6332
6333
6335
6338
6340
6341
6344
6345
6348
6350
6351
6353
6356
6357
6359
6362
6363
6366
6367
6370
6371
6374
6375
6377
6379
6382
6384
6385
6388
6389
6392
6393
6395
6397
6400
6401
6404
6405
6407
6409
6411
6414
6415
6418
6419
6421
6423
6425
6428
6429
6431
6434
6436
6438
6439
6441
6443
6445
6448
6449
6451
6453
6455
6457
6460
6462
6463
6466
6467
6470
6471
6474
6476
6477
6479
6482
6483
6485
6488
6490
6492
6493
6496
6497
6499
6501
6503
6506
6508
6510
6512
6514
6515
6517
6519
6521
6524
6525
6528
6529
6532
6534
6536
6538
6539
6542
6544
6546
6547
6549
6552
6554
6556
6557
6559
6562
6563
6566
6567
6569
6572
6574
6576
6578
6579
6581
6584
6585
6587
6589
6591
6593
6595
6598
6600
6602
6603
6605
6608
6609
6611
6613
6616
6618
6620
6622
6624
6626
6628
6630
6631
6634
6635
6637
6640
6641
6643
6645
6648
6649
6651
6653
6655
6657
6659
6662
6663
6666
6667
6669
6671
6674
6676
6678
6680
6682
6684
6686
6687
6689
6691
6694
6696
6697
6699
6702
6703
6706
6708
6709
6712
6714
6715
6718
6719
6722
6723
6726
6728
6730
6732
6734
6736
6738
6739
6742
6743
6746
6747
6750
6751
6754
6756
6757
6760
6762
6764
6765
6767
6769
6771
6773
6775
6777
6779
6781
6784
6785
6788
6790
6791
6794
6796
6798
6800
6801
6804
6806
6807
6810
6812
6813
6816
6818
6820
6822
6823
6825
6827
6830
6831
6834
6836
6838
6840
6842
6843
6845
6847
6849
6852
6853
6855
6857
6859
6861
6863
6866
6867
6870
6871
6874
6875
6878
6880
6881
6884
6885
6887
6890
6891
6893
6896
6898
6899
6902
6904
6905
6908
6909
6911
6914
6915
6918
6920
6922
6924
6925
6928
6929
6931
6933
6935
6937
6939
6942
6943
6946
6948
6950
6951
6953
6956
6958
6960
6961
6963
6965
6968
6969
6971
6973
6975
6978
6980
6982
6983
6985
6987
6989
6992
6994
6996
6997
7000
7002
7004
7005
7008
7009
7011
7013
7016
7018
7020
7022
7023
7025
7027
7029
7031
7034
7035
7037
7040
7042
7044
7046
7048
7049
7051
7053
7055
7058
7060
7062
7063
7065
7067
7070
7071
7073
7075
7077
7079
7082
7084
7085
7088
7090
7092
7094
7096
7098
7100
7101
7103
7106
7107
7110
7112
7113
7116
7117
7120
7121
7124
7126
7127
7130
7131
7134
7135
7138
7140
7142
7143
7146
7147
7149
7152
7153
7155
7158
7160
7162
7163
7165
7167
7170
7171
7174
7175
7178
7179
7181
7184
7186
7187
7190
7191
7194
7195
7198
7199
7201
7204
7205
7207
7209
7212
7213
7215
7218
7220
7221
7224
7225
7227
7229
7232
7233
7236
7237
7240
7242
7243
7246
7247
7249
7252
7254
7256
7258
7259
7261
7263
7266
7267
7270
7272
7273
7276
7277
7279
7281
7283
7285
7287
7289
7292
7294
7296
7298
7299
7301
7304
7306
7307
7309
7311
7314
7315
7317
7320
7321
7323
7325
7327
7329
7331
7334
7335
7338
7339
7342
7343
7345
7347
7349
7352
7354
7356
7357
7360
7362
7364
7366
7367
7369
7372
7373
7375
7377
7379
7382
7384
7386
7387
7390
7392
7393
7395
7397
7400
7402
7404
7406
7408
7410
7411
7413
7415
7417
7419
7422
7423
7426
7428
7430
7432
7433
7436
7437
7440
7442
7444
7445
7447
7449
7451
7453
7456
7458
7460
7462
7464
7465
7467
7469
7471
7474
7476
7477
7479
7481
7483
7485
7487
7489
7492
7494
7495
7497
7500
7501
7504
7505
7507
7509
7511
7514
7516
7517
7519
7522
7523
7526
7528
7530
7531
7533
7536
7538
7540
7542
7543
7545
7547
7549
7552
7553
7555
7557
7559
7561
7563
7566
7567
7569
7572
7573
7575
7578
7580
7582
7583
7586
7588
7590
7592
7594
7596
7597
7599
7602
7603
7605
7607
7609
7611
7613
7615
7618
7620
7622
7623
7625
7628
7630
7631
7634
7635
7638
7639
7642
7643
7645
7648
7649
7652
7654
7655
7657
7659
7662
7663
7666
7667
7670
7672
7673
7675
7678
7679
7681
7684
7686
7687
7690
7691
7693
7696
7697
7700
7702
7704
7705
7707
7710
7712
7713
7715
7717
7720
7722
7724
7726
7728
7729
7731
7734
7735
7738
7740
7742
7743
7745
7748
7749
7751
7754
7756
7757
7759
7761
7764
7765
7768
7770
7771
7773
7776
7777
7780
7782
7784
7786
7788
7789
7792
7793
7796
7797
7799
7802
7803
7806
7807
7810
7812
7813
7816
7817
7820
7821
7824
7826
7827
7830
7832
7834
7835
7838
7839
7842
7844
7846
7847
7850
7852
7853
7856
7857
7860
7862
7863
7866
7867
7869
7871
7873
7876
7878
7879
7882
7884
7886
7887
7890
7891
7894
7896
7898
7899
7901
7903
7906
7908
7909
7912
7914
7916
7918
7920
7922
7924
7926
7927
7929
7932
7933
7935
7938
7940
7942
7944
7945
7948
7949
7951
7954
7955
7958
7960
7961
7964
7966
7967
7970
7971
7974
7976
7978
7979
7981
7984
7986
7988
7989
7991
7994
7995
7998
8000
8002
8003
8005
8007
8009
8011
8014
8016
8018
8020
8022
8024
8025
8028
8029
8031
8033
8035
8037
8039
8042
8043
8046
8047
8049
8051
8054
8055
8057
8059
8062
8063
8066
8067
8069
8071
8073
8075
8078
8079
8082
8083
8085
8088
8090
8092
8094
8095
8097
8099
8102
8104
8106
8107
8110
8112
8114
8116
8117
8120
8122
8124
8126
8128
8130
8131
8134
8136
8138
8139
8142
8144
8146
8147
8150
8151
8153
8155
8158
8159
8162
8164
8166
8168
8169
8172
8174
8176
8178
8179
8182
8184
8185
8188
8190
8191
8194
8196
8198
8200
8202
8204
8205
8207
8210
8211
8214
8215
8217
8219
8221
8223
8226
8228
8229
8231
8234
8236
8237
8240
8241
8244
8246
8247
8250
8252
8253
8256
8257
8260
8262
8264
8266
8268
8269
8272
8274
8275
8277
8280
8282
8283
8286
8287
8289
8292
8294
8295
8297
8299
8301
8303
8306
8307
8310
8312
8314
8315
8318
8320
8321
8323
8326
8327
8329
8331
8334
8335
8338
8340
8342
8344
8345
8347
8349
8351
8353
8356
8358
8359
8362
8363
8365
8367
8369
8372
8374
8376
8378
8380
8381
8383
8385
8388
8390
8391
8394
8396
8397
8400
8401
8403
8406
8407
8410
8412
8413
8416
8418
8419
8421
8423
8425
8427
8429
8431
8434
8436
8438
8439
8442
8444
8446
8447
8450
8451
8453
8455
8457
8460
8462
8464
8466
8467
8470
8472
8473
8476
8478
8480
8482
8483
8486
8488
8489
8491
8493
8496
8497
8500
8502
8503
8506
8507
8509
8511
8514
8515
8517
8520
8522
8523
8525
8527
8530
8531
8533
8536
8538
8540
8542
8543
8545
8547
8549
8551
8554
8555
8558
8560
8562
8564
8566
8567
8570
8571
8574
8576
8577
8579
8582
8584
8586
8588
8590
8591
8593
8595
8598
8600
8601
8604
8606
8607
8609
8612
8614
8616
8617
8620
8622
8623
8625
8628
8629
8631
8633
8635
8638
8639
8642
8644
8645
8647
8649
8651
8653
8656
8658
8660
8661
8664
8665
8668
8670
8671
8674
8675
8677
8680
8681
8684
8685
8687
8689
8691
8693
8695
8697
8699
8701
8704
8706
8708
8710
8712
8714
8716
8717
8720
8722
8723
8725
8727
8730
8731
8733
8735
8738
8740
8742
8743
8746
8747
8749
8752
8753
8755
8757
8760
8762
8763
8766
8767
8769
8771
8774
8776
8777
8779
8781
8784
8786
8788
8790
8791
8793
8795
8798
8799
8802
8803
8805
8808
8810
8812
8813
8816
8817
8819
8821
8823
8825
8828
8830
8831
8833
8835
8838
8839
8841
8844
8845
8848
8849
8852
8853
8856
8857
8860
8861
8863
8865
8867
8869
8871
8873
8876
8877
8879
8882
8883
8885
8887
8889
8892
8894
8895
8897
8900
8901
8904
8906
8907
8909
8911
8914
8916
8917
8919
8921
8924
8926
8928
8930
8931
8934
8935
8937
8939
8942
8944
8945
8947
8949
8951
8953
8956
8957
8959
8962
8964
8965
8968
8970
8972
8974
8975
8977
8979
8981
8984
8985
8987
8989
8992
8994
8996
8998
8999
9001
9004
9006
9007
9010
9012
9013
9016
9017
9019
9021
9024
9026
9028
9029
9031
9034
9036
9037
9039
9041
9044
9046
9047
9049
9051
9054
9055
9057
9059
9061
9064
9065
9068
9070
9072
9074
9075
9078
9080
9082
9084
9085
9087
9089
9092
9094
9095
9097
9100
9102
9104
9105
9108
9109
9111
9113
9115
9118
9120
9121
9124
9126
9127
9130
9131
9134
9136
9138
9140
9141
9144
9145
9148
9150
9152
9154
9156
9158
9160
9162
9164
9165
9167
9169
9172
9173
9175
9178
9179
9182
9184
9186
9188
9189
9192
9194
9196
9198
9199
9202
9203
9205
9208
9210
9212
9213
9216
9217
9220
9221
9223
9225
9227
9230
9231
9234
9236
9237
9240
9242
9243
9246
9247
9250
9252
9254
9255
9258
9259
9261
9263
9265
9267
9270
9272
9274
9276
9278
9280
9282
9283
9285
9287
9289
9291
9294
9296
9298
9300
9301
9303
9306
9307
9309
9312
9313
9316
9318
9319
9322
9324
9326
9327
9329
9332
9333
9336
9338
9339
9341
9343
9345
9347
9349
9352
9353
9356
9357
9360
9361
9363
9365
9367
9370
9371
9374
9375
9378
9380
9382
9383
9385
9387
9389
9392
9393
9396
9397
9399
9402
9404
9405
9407
9410
9411
9413
9416
9417
9420
9421
9424
9426
9428
9429
9431
9433
9436
9437
9439
9442
9443
9446
9447
9449
9451
9454
9455
9457
9459
9462
9463
9466
9468
9469
9471
9473
9476
9478
9480
9482
9483
9485
9488
9489
9492
9493
9496
9498
9499
9502
9503
9506
9508
9509
9511
9513
9515
9518
9520
9522
9524
9525
9528
9529
9531
9534
9536
9538
9540
9542
9544
9546
9547
9549
9551
9554
9555
9557
9559
9562
9564
9566
9568
9570
9572
9573
9575
9577
9580
9582
9583
9586
9588
9590
9592
9593
9595
9598
9599
9601
9603
9605
9607
9610
9612
9613
9616
9617
9620
9622
9623
9626
9627
9629
9631
9634
9635
9637
9639
9641
9643
9645
9648
9650
9652
9654
9655
9657
9659
9662
9664
9666
9668
9669
9671
9673
9675
9678
9680
9682
9683
9685
9688
9690
9692
9693
9695
9697
9699
9701
9704
9706
9708
9710
9711
9713
9715
9717
9719
9722
9723
9725
9727
9729
9731
9734
9735
9738
9740
9742
9743
9745
9747
9749
9752
9753
9755
9757
9759
9761
9764
9766
9768
9770
9772
9773
9775
9778
9780
9782
9784
9786
9787
9789
9792
9794
9796
9797
9799
9801
9804
9806
9808
9809
9812
9814
9816
9817
9820
9822
9824
9825
9828
9829
9831
9834
9836
9837
9839
9842
9844
9845
9848
9850
9852
9854
9856
9858
9860
9861
9864
9866
9868
9870
9871
9873
9876
9877
9880
9881
9884
9885
9888
9889
9891
9893
9895
9898
9899
9902
9903
9906
9907
9909
9911
9914
9915
9918
9919
9921
9923
9926
9927
9929
9931
9933
9935
9938
9939
9941
9943
9946
9948
9950
9951
9953
9955
9958
9960
9961
9964
9966
9968
9970
9971
9973
9976
9977
9979
9982
9984
9985
9987
9989
9991
9993
9995
9998
10000
