4569
2586
2354
2106
3731
3635
2164
3741
4775
4127
3100
2149
2210
2156
3973
4542
391
4459
1706
1257
4244
16
3755
4656
2850
4319
586
4395
3625
3762
4403
1912
2167
1722
766
4344
1854
772
2136
3995
4306
1950
4018
281
2366
1839
3039
3431
3581
4220
166
758
2825
1958
3751
4435
2170
1796
361
4959
791
2575
4801
2194
4297
1503
4698
1786
1097
1433
3897
211
3538
4546
1616
1093
2678
310
1686
4068
3777
4071
3654
670
2842
4760
2791
2808
4681
3317
3394
295
3308
2789
1556
1272
2813
2223
2693
4879
3130
1322
88
1611
3524
3734
3326
1746
1892
443
407
1011
1183
4458
3657
4741
3894
2428
2214
3408
4516
4725
605
3598
2954
2798
459
762
195
2202
1738
4404
3343
1561
1670
245
1480
4592
1380
3612
35
2262
4610
4068
1975
2141
4024
3144
73
1855
1589
3765
234
1673
4087
1698
1137
179
2396
149
1019
3804
1470
1268
2022
3235
1597
2435
2443
879
870
4398
424
3934
3968
240
640
2532
1633
4127
1526
3766
4568
2630
58
201
4602
685
1895
757
2920
1032
3444
1335
2554
4006
3264
2698
2151
2535
2211
2092
2436
511
1188
3066
3919
1060
858
874
1716
3272
3350
3361
2927
3819
1589
2465
2900
1724
4059
2194
3139
1255
246
4195
1225
2950
850
352
3802
290
3233
1932
2275
2691
1293
1478
3589
4084
1528
1925
3501
1141
2826
4890
4833
209
2225
1634
1696
3137
1811
1354
4076
4251
4263
3968
1666
4421
3905
1159
4804
1030
966
2112
653
2494
4595
2815
3116
2190
3018
1112
1278
2070
2228
2444
4304
3323
2160
2434
1352
4618
4229
1024
3552
2371
209
477
2850
1645
1317
4655
3924
3954
3495
1187
3244
4286
4674
3292
2203
1470
1347
1504
937
1440
2303
4545
4055
1068
1390
3694
4717
877
3074
1270
1514
4205
4422
3641
2167
4623
3595
4420
2334
3847
4095
282
3655
3322
2951
4109
1234
1168
1444
4837
1091
1190
723
6
2465
3969
2505
1004
4302
700
3756
538
2633
96
56
1791
3292
4409
3020
896
1095
867
3252
3948
3048
4864
436
1348
1276
2412
1476
691
1255
612
2195
2371
421
481
1184
4486
3431
3906
4817
4975
4603
3012
681
3101
12
4959
692
1092
2219
233
585
3717
4899
4215
1190
1052
1248
3337
1951
2643
2539
2383
4891
813
3091
4852
3523
1752
227
1497
3705
3302
983
1762
4027
1499
4271
3775
603
2622
2443
1210
3073
3488
567
4173
2991
3840
1461
997
450
1822
3261
3684
1969
3055
2690
3816
2368
4578
24
1599
655
2179
4469
4561
3985
113
1474
4167
1616
1034
3959
106
1598
4470
2256
2266
99
2553
1526
1207
2402
4976
1012
4359
2676
1911
519
2096
4377
1202
425
3372
445
968
3827
4001
2435
3938
1622
3657
3113
261
2579
2533
1313
1840
3722
4799
3429
2227
2376
131
2266
601
125
3108
4288
1901
2822
3039
4836
349
4314
3917
2743
4813
2936
4845
1827
2390
594
4027
4835
2000
1198
2423
1097
4013
2146
3687
1235
2650
518
3532
2563
2020
2660
143
3687
4506
3717
2330
3232
1401
1824
1849
4832
4436
2427
207
706
1563
282
1826
122
1428
2472
3865
3565
4605
4647
1347
2177
3773
1049
2520
905
2073
254
1325
1017
3217
3954
1128
858
1635
885
193
4470
3548
4173
2960
574
303
1189
2905
1269
16
1204
2664
922
1582
3196
1793
2834
2927
4542
833
4405
2438
4926
3037
4084
225
223
4976
2028
3185
3436
2951
416
903
3215
4722
3279
4457
2516
2844
1977
4079
3256
301
2751
2580
448
2570
112
2830
4327
3230
94
515
4757
1396
1380
3467
2337
1575
2038
4742
1712
2530
234
4443
670
3676
1175
4578
3114
3826
4813
761
3250
1847
3565
4548
961
3231
3881
1901
867
526
54
2598
4730
1054
178
1889
3682
3181
1933
991
1056
4138
3369
2072
4916
1404
1656
3659
3781
3934
3570
1767
1927
3471
4432
3243
4838
1689
4776
377
2826
2166
784
2831
3803
4340
4488
1919
643
4666
1287
4476
3283
4245
15
2029
2319
1458
2943
1436
1881
1197
4447
452
2834
1163
4056
3381
90
1601
1612
4685
4254
4802
4795
3723
4392
368
3695
2164
3163
2572
4008
2814
157
3841
2193
1569
4302
2741
1344
4124
4963
2253
51
2972
4296
3717
4853
2567
4618
4389
1281
2896
2500
1155
1597
2038
3324
2391
1838
2970
2830
108
336
2253
568
4295
3285
4074
320
1670
1043
824
93
4282
2150
572
4258
2417
2055
1948
1263
2305
1258
2860
124
2042
1745
4683
1767
252
1156
3236
4658
1301
3532
2863
3647
1385
2548
4626
431
2836
3625
2965
2724
2844
421
4603
3290
1012
481
1703
285
1340
1951
3340
4955
4787
579
4486
4818
1449
1413
2401
1015
665
1755
4016
4548
2004
3502
2340
3952
59
3626
2984
4683
1531
712
3498
3899
3172
4069
1587
3345
1972
146
3034
4308
2225
2884
1825
4542
949
3272
1466
2177
1702
4892
1088
4035
786
3594
465
148
4083
2035
635
3923
4676
4950
1329
3060
295
1811
3982
527
4526
186
2527
1869
2964
3996
651
3948
2567
2187
3907
1168
962
2323
2441
4044
2707
1021
4369
3380
225
1380
1661
4343
217
796
3971
1192
1053
3859
3970
1819
2825
4518
4933
2114
118
1972
969
1106
194
4910
3303
3385
564
276
357
3557
850
4895
630
4774
2740
670
3628
4317
2572
227
552
1796
996
3492
2780
2286
1963
1583
1924
3382
2292
4886
1984
4502
4365
2865
112
2300
3640
4098
2106
1605
2390
3822
1224
2764
4422
325
3555
146
1485
1442
2981
2355
3838
2768
306
4169
1272
1205
3986
1395
3045
4497
4773
1459
4147
3836
3211
2191
4031
4116
2095
3840
1937
2221
1979
2924
4439
4654
3987
2056
1302
1736
4066
4776
1273
4923
394
1937
4049
1062
3343
3294
3814
832
3126
4588
3810
3938
1733
2817
2760
3609
1469
1149
3501
1664
569
2657
1093
1350
858
2038
4439
720
2519
2965
2610
440
460
83
3387
4580
1065
2781
2953
1783
291
2341
2662
2213
1207
4789
4158
2346
3522
3423
2972
144
4680
4128
222
4670
3583
290
2156
3955
2851
2966
3034
3222
1133
2651
2952
1142
1064
3205
1167
4459
3940
1914
3007
2403
2518
4152
1534
926
2734
4303
3229
2451
2183
1691
4727
4752
4325
2946
3594
1916
1103
152
4612
3891
2798
2270
1280
3378
434
2028
2474
240
994
937
437
698
3455
4704
19
1720
2153
4907
4239
1417
1197
3465
2880
1581
3125
403
2510
4094
4826
4232
571
613
1236
2283
531
1056
4519
4176
3199
3516
4646
2136
633
1710
504
154
2511
2015
52
2276
3554
4351
4927
4892
1130
264
2150
1094
2877
1560
2248
2398
3633
1032
3978
3537
2339
2273
1281
2540
2115
3599
2051
4915
101
664
2082
2213
2826
2345
465
4185
2935
4487
2704
3900
2990
4353
2733
3718
1074
3790
3020
3037
969
4732
1079
3412
4716
1229
4851
3726
3303
3224
4431
1934
1378
866
4750
1311
930
2227
3264
4543
1304
3331
3949
2547
1373
2112
2641
496
1673
4918
782
1358
1966
3831
2221
3752
4776
2758
4964
1956
1100
883
4482
3215
2086
4426
1416
4319
2206
4879
3352
4162
464
2091
3678
3186
4458
736
4054
1754
1249
2139
2923
539
46
249
985
4932
3468
1841
669
2433
4559
1198
2978
2001
659
2992
3095
1053
4203
1079
3676
1650
852
2386
3452
1583
2210
3614
762
3158
1841
1653
3527
3394
4007
1524
3769
1217
1619
4866
4531
2441
2992
3196
3785
734
1639
1514
197
2262
1206
368
4343
621
2133
1111
3094
4218
3690
4563
110
3465
1842
1445
3383
4628
4498
4592
1929
171
3095
1932
817
4551
1619
4527
2381
3985
2261
3625
27
1360
4826
35
2084
1301
3088
4464
1567
1362
875
2403
4183
2688
2308
346
4698
2477
3683
4450
4689
1926
3272
4007
3208
375
538
4097
914
639
1293
2330
872
3757
3696
3593
73
12
144
70
4102
1253
2554
2722
4991
1509
2271
1519
1129
1585
3156
1605
2226
1622
4000
1262
1533
1753
1463
3870
544
2891
3035
4970
4353
1009
4532
4750
3064
1468
4371
3371
1312
4397
824
4344
2868
4637
101
4671
3399
817
767
2668
238
4745
2457
1398
4079
1512
2370
1513
1856
741
4280
3023
3890
2565
2037
3432
4070
381
1323
3016
685
2589
2779
1333
3229
3425
931
4116
4415
1282
89
49
3549
3631
1719
1944
883
1276
2443
4049
3366
845
3344
1374
3126
2861
2118
1101
1632
2134
2316
437
1452
678
2845
2389
168
3319
22
2997
2794
3473
2064
164
4342
2995
2110
1420
4584
4190
4808
2646
4940
2384
2872
2744
1157
3501
4012
121
4375
617
2689
404
4018
3315
4236
2406
2531
2591
946
4473
841
3701
456
3197
3745
4175
394
3700
4023
4621
2823
3026
2098
4866
3594
3223
1609
4396
1438
179
3192
3162
187
2343
4748
1057
4815
689
3753
2037
2878
2818
1556
2776
1350
4907
406
3865
3786
1317
4037
1178
328
4529
4539
4419
1977
185
468
997
692
1426
1498
3483
4855
4854
3881
3815
529
1079
322
748
3041
1156
1390
1025
3448
2853
383
3692
3754
3983
3197
1728
710
3771
127
2349
1418
2432
2794
2282
3824
1043
779
4207
1001
2571
4509
4851
1055
2196
4842
3165
1113
2667
3515
2364
301
3768
3699
1322
1557
1401
3649
1398
1681
4341
1845
491
4901
1387
2115
3607
706
2741
1194
1466
1123
4273
595
701
3801
1831
682
4169
4417
1266
4509
4231
3910
296
4730
4625
4240
1336
293
3434
2668
4528
4287
2115
3271
3554
4628
4889
4203
714
394
1306
1353
795
2669
2698
17
709
4094
2140
1741
3802
3925
3195
1751
4240
2811
465
4083
1090
1430
1607
4462
4086
3848
3798
2870
237
1353
3000
995
476
2964
1663
4012
4983
1101
4761
4140
346
4495
3450
2071
923
1183
3495
4032
2000
853
252
2293
2551
2155
4477
3054
1176
358
4416
2729
3433
2464
2577
4572
3869
1029
482
2219
2878
990
2797
2057
3258
401
3753
1673
2052
1437
1375
4314
4016
626
3391
3949
750
4129
2362
951
3704
2535
1604
2716
2561
2613
1013
2483
2178
3296
3686
2369
4215
2976
3543
1044
4240
4248
756
3251
2624
1867
1423
3339
690
269
315
736
1620
4926
3876
1038
1871
2346
802
1333
4335
4806
2994
1520
1918
1668
3959
1009
2853
837
1651
1072
4396
2277
1930
4242
2806
3583
4663
1467
3001
1681
4745
4574
1514
2690
2229
2190
264
1230
436
3568
1944
4418
2886
2067
3349
2735
606
3509
1122
1573
4015
3888
2631
4531
1254
2656
3540
3847
2896
3939
1828
3960
4026
4768
2083
2593
3700
448
1217
4408
4108
4659
3829
2177
493
1674
2135
408
4385
4031
501
4931
703
2494
4303
4231
286
2545
3073
2412
759
234
4883
3064
4896
2408
3828
4260
3816
1267
2952
3194
1452
4193
2430
348
1397
3971
4534
1702
4672
767
1957
3100
2841
1910
1138
370
1693
537
1705
460
1261
1856
2652
3763
629
3254
4868
200
2574
290
3590
3156
4493
3081
3808
4130
3362
3995
2181
4893
794
2482
259
1501
261
3791
54
3492
4764
2931
875
4442
1032
2889
3516
169
1515
4491
473
596
2524
4066
3942
2739
4015
3617
1636
4664
3833
3343
3092
3051
3369
3029
398
616
3982
880
3627
1710
2005
906
2386
585
3564
3593
1818
1281
1215
2642
2641
3327
1226
2342
3116
2455
736
2685
4378
76
3222
245
1956
2853
741
3695
234
1233
4125
3032
1571
3287
4924
3534
58
4840
3361
1166
4010
1973
1183
639
4681
4332
4820
4335
1868
1746
1748
1495
2046
3815
4255
67
3187
4682
3614
2574
105
2311
1854
4616
3184
2284
3926
4924
2694
2242
3724
2236
266
3830
4401
1860
903
2832
4290
2131
1025
900
4401
1403
3560
369
204
2263
324
3357
574
2690
1198
3645
3804
3679
850
3610
245
405
1091
2864
1663
2039
636
2207
2963
328
1612
1913
882
42
3322
3077
3445
2229
2661
1118
4460
4411
2225
2735
4957
3903
1367
576
901
4390
1997
2172
1950
960
624
4220
372
3758
2135
2062
3943
4922
2289
56
1495
1643
3804
3787
2885
4262
1294
4735
2876
2102
2393
4018
4502
3189
246
2962
1226
4395
1070
1092
3411
2425
1347
213
273
4482
3285
2846
3560
1034
3721
4775
4836
1620
1492
2162
2523
162
2107
2516
4404
1065
305
4887
1936
1151
4401
2512
4396
1594
3661
3445
2277
923
3427
3750
2068
3311
1060
1387
1352
1964
3451
4265
3515
3248
715
4768
2800
3427
4210
2028
550
1195
3605
4679
3276
42
2604
849
2824
35
4212
3173
3189
3463
4399
4482
1848
2152
4795
4375
949
4379
4494
3670
1360
3272
1186
2123
4958
2252
537
852
2196
701
3420
1075
4838
1281
1153
1808
2614
655
4549
4436
670
774
2412
1465
2656
4014
202
3347
1041
170
1414
1670
4848
2614
804
440
3085
4925
3222
3525
3346
4825
4253
2493
4720
2731
1771
3413
2217
524
4799
3505
2195
503
1614
2748
502
3349
3806
55
985
453
1641
1906
1656
2190
1824
3311
3391
1658
3353
2629
3214
2790
2848
847
2179
174
4100
4420
4293
2780
2218
1629
441
617
1660
1377
1131
4032
713
2787
2683
1455
565
3687
4136
1033
3523
3228
1795
3680
3007
2843
2933
4039
2821
2692
132
3077
3554
538
673
911
2593
2817
697
3188
2593
832
4892
827
1286
1057
1109
1010
4469
1824
4359
2188
2593
3950
2439
3840
4339
1828
3470
68
4625
2319
1949
2969
4495
1021
641
2825
1959
217
820
4366
3554
3569
3250
1537
3851
933
3491
2770
1108
3946
4974
3718
3122
4323
1269
1943
2785
574
665
2422
2239
3425
851
4053
562
435
334
4135
381
434
4339
3973
4319
4891
3366
734
141
3555
1101
2682
962
2934
4695
1302
3701
1566
4639
4545
2943
318
1639
4287
3178
1967
706
567
1930
3144
3399
3311
3533
1810
1281
1995
3407
1053
2562
3615
3721
3186
4266
491
224
2756
1993
2070
569
65
4633
1268
386
4494
4310
666
280
3814
92
2770
3464
28
2082
1386
4882
2495
3083
80
812
3665
2023
4144
3456
3865
1351
1135
1190
699
16
3747
4616
590
1433
2575
1623
3700
187
1
2441
3194
1680
1640
3516
2000
2045
1263
3315
2300
3678
2808
421
4843
1821
4480
2704
2495
159
2070
2862
3355
2940
4736
2528
3579
1094
4145
3282
4371
1343
4977
3988
4210
3260
2445
3431
2472
4320
67
646
4526
3166
1955
2944
3816
378
4000
4355
3693
2982
2273
1596
893
2961
568
1408
4504
2181
1998
4637
1021
4877
3373
651
3295
911
4780
3853
2733
1503
2083
684
449
4159
2734
544
1549
1774
175
4654
512
4137
2057
1241
3280
3754
2836
4649
2522
3153
552
4184
2626
3931
3595
4012
3448
4408
4762
1337
3703
1134
4234
4405
2177
3197
4886
793
3530
4243
2926
1408
238
4270
2020
4328
2183
4154
191
2765
449
4869
2746
3155
1077
1895
3656
370
258
2037
3261
2672
83
1657
4088
585
584
4406
3300
1943
2451
209
1156
4680
1358
1565
3625
4971
3050
2081
4653
3970
3493
2413
1090
1307
2326
3673
4400
457
3824
975
3817
1012
1695
2931
1961
694
3067
1928
4567
3741
2596
426
2332
3284
3392
462
3157
2159
1824
4082
3155
1100
2033
1067
967
4150
3254
2898
1464
3704
1126
4700
4836
290
2543
4471
14
1597
938
4616
1571
646
2929
486
1502
23
2599
3245
4442
1754
1145
2844
4728
1137
4483
4895
1307
2751
3884
1341
4448
951
1724
854
3708
4137
1107
4459
617
919
2950
1127
1067
3926
4709
1085
2652
4095
97
105
3357
1343
2638
1698
494
868
3373
4272
1117
2419
3646
4699
4985
4055
4048
1076
1661
644
4155
1099
2362
1621
3310
4536
3395
1140
1726
3763
2265
176
4855
2742
4614
4230
4859
2906
2582
3720
1032
3164
4220
4723
3870
4825
2097
2626
4837
3214
4878
1651
2127
1412
2048
2323
2279
2740
9
3825
975
22
409
4598
558
1553
2102
1880
3302
4008
3253
2549
622
1008
1457
4607
124
280
1851
4091
4197
3219
3667
4490
213
1074
1942
4185
908
2855
4326
3769
4736
3521
3507
4679
3354
3879
3248
4619
1808
3292
1311
1450
788
1655
354
3475
680
2772
3334
1615
340
4932
195
1471
4366
3472
3368
4867
2213
25
4573
3331
3671
4408
4496
1571
3471
4214
1035
56
2364
3693
2674
4800
4162
4520
3894
4533
908
2857
4464
3510
3015
2855
2801
334
1631
3367
209
2180
840
1011
4872
1891
419
1486
733
203
3857
785
1965
2495
2714
1027
1807
4533
4353
2653
1570
2121
3634
3994
327
3977
545
2484
3191
1809
2881
2303
142
1298
1946
2091
1469
3982
4227
1995
1262
3967
4609
2853
1502
2116
2409
1258
3642
2065
4876
3256
3008
3634
4195
893
4680
2047
2535
4199
1547
4219
4855
4462
4143
1886
1579
1300
1217
3703
637
1420
3895
4380
2683
4869
2746
4656
3464
2805
4443
4033
566
3849
3240
1560
4197
1851
4359
2414
3304
144
2764
4073
3775
327
4040
3609
396
4412
4184
258
2924
1962
1037
1912
4011
3003
358
4467
1306
3916
1463
3782
4710
2104
1940
4851
119
4178
3232
1074
3102
4753
523
984
4361
1346
2532
973
178
4681
4920
4981
2732
4960
2080
4580
988
3297
3154
1722
2805
847
1124
982
2843
1514
3084
3701
2623
4240
3851
2934
460
2995
2960
1030
238
1446
44
4630
4479
1684
3049
2432
2645
1717
2295
1943
2392
2873
1259
4764
2237
4038
3970
4855
2805
2569
2572
1206
2032
176
1818
2319
3314
1533
734
4185
3294
2099
4068
2507
1134
327
306
3858
1106
2212
3168
3363
4709
3571
915
1660
3585
3851
4942
1568
638
2392
1361
2202
3785
606
1344
240
2540
530
2124
2701
724
3476
431
4428
4105
735
1519
1796
2682
2451
1592
1896
2762
1849
4260
4281
4638
775
3538
1633
2157
2097
3905
4997
2572
4119
4279
2336
2729
2380
476
4740
4666
930
3670
3715
1277
3755
4191
3370
4965
4693
31
2516
4616
3831
39
2633
3299
4632
560
1734
3025
472
1650
480
453
3385
2966
3162
3562
1858
4900
3572
330
4388
2461
4489
1519
4661
4913
1795
207
696
4464
757
3010
1102
1264
1505
3638
89
883
2671
2546
3055
2874
94
3854
4969
2620
3350
1493
1347
2387
3435
837
2891
4360
2873
2762
4701
1085
2538
4111
4575
2788
389
2639
434
2817
4076
1841
2464
1446
363
224
4757
4639
2900
1478
2109
3561
2761
4401
1054
1237
33
4689
423
1282
2531
4316
3059
238
4460
1891
3187
2444
743
4032
3353
2949
1478
1476
1499
1033
2132
4421
1481
3780
1570
4727
3110
1799
2108
4753
956
4857
3428
3445
4287
4596
2130
2630
1925
3317
4107
3756
4207
906
4400
1160
4897
1662
2454
4825
2695
4061
3645
168
1606
2681
3627
3158
2575
1818
3073
3878
2652
1871
2803
1072
2093
4066
140
1372
1814
4384
675
378
3687
1406
3381
2178
1520
56
1122
2149
2056
1397
3977
4867
4059
2904
4212
105
4768
191
2357
271
2441
2072
3129
4383
619
4276
1453
522
4951
1532
835
3370
997
653
40
1420
3794
2281
4210
2770
297
4385
1588
1921
1541
511
3205
4188
4858
173
4162
3413
1739
2901
3049
2600
3034
549
1120
3623
3851
1297
316
490
4939
1409
3376
4453
2720
3555
1739
262
4205
3218
1598
3111
2453
3059
4939
2473
3593
1213
4959
3830
239
3532
2289
2221
540
4544
4928
2034
4336
4543
677
4752
981
629
3767
4095
4837
4177
4642
2826
2832
3688
1422
4427
3296
2497
4530
358
4508
3407
3690
2514
3319
3657
1901
1180
3967
2973
2390
2598
806
925
3268
3515
3572
1039
717
90
4487
755
3001
3991
4504
322
2872
352
3305
3882
1164
4160
3044
1470
1227
463
3983
987
2793
2967
3383
1721
3064
781
92
2368
4270
3882
3665
23
3364
3581
1472
948
97
2327
3440
437
2072
55
927
2306
3917
3063
1981
105
1446
3505
2757
1039
3168
2736
4868
2675
217
4995
395
969
4422
2193
2094
3653
3669
3315
4745
3930
3303
2812
3609
791
3931
1583
2094
1963
2009
4074
416
2397
14
2316
1467
2697
370
683
1807
882
406
2507
3540
4959
183
1254
2053
379
2555
869
4587
3105
3084
2638
3468
3117
2646
3733
3742
3355
3878
2054
1411
2611
1290
2065
4006
4619
2180
892
3737
4111
2647
2336
3024
3826
4897
2240
816
3574
3048
2686
1843
349
3754
1596
3305
3707
1636
974
2730
1889
3965
4282
1351
2377
792
1413
894
1302
3510
816
1099
2396
1768
4113
2584
3603
2254
2333
1461
2505
2500
1173
2369
551
1785
4753
1518
1661
495
3955
2392
4265
1056
2843
1976
2796
1861
2774
321
1063
1533
3558
161
462
3126
45
125
2305
2128
3780
825
2638
778
215
3883
778
1461
1208
4078
2430
3622
301
1381
432
1441
3348
1677
3906
2064
415
4456
3885
3693
677
1428
1507
1484
2125
4772
2296
4761
4831
1206
2029
2981
591
586
2945
4823
2391
2216
3078
1358
3388
4149
534
3920
835
3907
3365
1280
1272
1827
3510
1621
2190
4929
3355
937
3241
27
4836
4773
1930
2407
3011
2350
45
1401
3250
1095
2226
1101
3916
4814
3608
1934
3416
4852
2653
1493
1034
446
2332
4814
3491
4913
2720
3132
4189
2311
1431
2619
4105
4724
1715
4106
4142
2424
4111
1334
3518
4781
3206
4260
4753
608
2799
2451
4604
4062
4356
676
4732
2619
542
2416
4562
2161
4964
647
393
4940
4662
4797
3454
3517
248
3084
4951
1819
1941
3611
1711
4439
1818
654
4992
719
4580
642
1485
3751
2606
4502
2719
3964
1967
2522
2078
3060
112
1746
1222
2992
3635
832
1205
3987
652
291
4033
3694
1779
1917
4103
1754
1
1656
2149
2714
2934
4904
2623
2642
2576
2119
3448
4600
1479
479
1406
1205
3965
2372
3081
4753
4824
3070
1453
4856
1961
1658
4801
1088
3172
3769
549
768
4609
600
4847
1887
3971
3207
3224
3128
2064
4165
4774
53
4461
1908
1923
4254
1717
3456
1083
1743
3064
4753
4747
2078
4084
2348
2780
23
55
2624
3601
3877
1789
4263
2296
4052
3458
4850
779
1497
4824
946
3459
3783
4515
1941
2104
2765
1678
447
3244
3595
1182
2918
3309
4772
1057
3970
4723
1908
3270
2280
3124
888
2603
1386
4745
3908
827
438
1520
3416
3805
2033
3908
1147
2727
1842
3387
4756
2936
4809
3478
4136
4466
3983
2124
911
1608
2328
4610
280
3688
4257
310
1358
3905
2303
2008
38
3454
196
1384
85
1332
4044
3017
4360
399
1337
3364
4667
4514
4790
2229
1264
2922
3173
441
1454
3733
1098
1839
3738
3991
3762
4054
2232
3422
2104
3771
402
533
35
157
2314
4281
1776
1485
4454
3423
2711
1549
4169
3813
1879
2614
1589
3052
3364
2099
970
157
4748
2745
3024
607
4937
1286
2375
515
4579
3320
1910
337
1511
1827
3076
933
1907
2141
389
2002
4785
4391
1062
1785
4998
2341
4427
2902
1561
3851
2773
53
614
2628
1761
4707
4802
747
4274
3086
1594
4114
3294
2210
3911
1145
4616
4678
2523
3903
4178
4248
1903
3947
2370
2216
4105
2869
2097
1607
3075
2461
3491
939
920
2524
2303
701
2471
2292
3941
851
1909
2402
939
2886
156
3632
2394
4393
2971
1068
4465
1792
3873
3164
1792
4192
1289
3955
588
1472
2400
2882
3204
3106
4679
1236
3703
183
119
3915
2609
63
1783
4081
73
2268
1300
4104
3650
3883
2468
4518
4973
1687
3730
2341
2821
4753
543
2075
213
4540
466
2086
4160
3787
4125
3074
1868
1181
4305
2329
3666
819
1200
178
2539
3349
3764
4864
4907
870
3112
3262
1253
1025
964
2285
1107
3319
1550
4282
4068
2186
35
468
3899
956
2823
169
4201
843
1341
596
2642
4105
694
3198
2738
4472
2678
4579
2986
3831
1035
2748
2971
1737
1178
4400
3669
29
4672
3800
1650
3840
1680
3299
3018
2419
3283
3703
4096
4357
3065
3889
3963
368
357
559
4908
591
1630
4907
3831
1157
3070
3070
4669
3954
3087
2991
1889
1193
1299
2931
3135
1698
3745
1779
4072
42
843
3007
4196
152
359
3270
4242
4303
1498
4969
1580
4079
265
2206
1992
2790
3676
3042
1373
4713
1474
3094
4357
2418
1874
4427
3087
2011
1209
892
3741
533
1338
832
1602
4225
2052
2684
988
3342
2698
1146
142
1215
2640
2141
2674
545
3352
4198
1445
882
2687
3292
1596
1781
1089
4384
1884
4317
2981
2026
1001
245
3761
1177
4794
4940
1855
1476
4519
292
4603
2675
1053
14
1899
4
315
4739
1973
4383
3010
4565
853
4937
2929
901
248
3342
3896
1031
4162
3399
2106
2793
621
4446
3512
680
1649
4568
1242
3372
2335
4945
4149
2519
3968
2595
3799
1788
1858
1021
1303
88
3390
4941
1502
3259
347
3291
4836
3009
3243
1566
2729
656
1273
1133
4945
644
3980
2147
2192
4702
798
2519
361
3849
3808
1557
385
2770
1929
3907
2291
1988
812
2561
321
504
1688
1786
2100
4655
4390
2311
3273
1426
2732
3067
3272
752
781
418
995
773
18
1921
2219
528
4326
600
872
3045
2178
1303
3155
2220
3571
551
4915
3242
1551
4135
1160
1042
2419
4968
1311
3298
4592
561
1668
1730
2646
2133
63
341
4335
3150
345
1396
2303
3501
1191
2222
3243
3261
740
2317
1413
2212
816
1023
2611
3309
1960
796
4866
2305
4533
4407
1672
1199
1084
3608
2501
3255
3017
2995
535
2274
2835
3030
4239
4546
784
2411
2038
3718
3673
3041
2943
2568
3318
33
4176
2843
2818
3599
2025
360
3802
2336
3979
134
1944
535
1877
2942
606
3001
1766
4638
309
4253
1239
3588
548
4604
529
1503
1124
2413
3323
3877
4469
1642
3413
2014
3097
3829
2541
3321
2967
4136
1117
3262
553
4706
3574
2997
3963
4549
4206
1631
419
1616
1541
3093
1852
1521
1472
290
2559
1554
4114
2884
3245
2241
2246
2331
113
868
1643
2343
2870
1650
221
1952
1268
3403
1180
4291
3635
1484
3946
402
3590
3906
772
2939
4729
747
4998
2067
1077
1958
2244
309
1204
4307
4244
518
1002
1456
2244
2244
4571
1800
398
2533
2553
487
2401
2417
3413
4928
3814
3271
4953
4011
1826
2143
2628
4291
3862
1888
4593
4901
2251
2527
3415
3889
3563
4256
2443
2542
4723
3596
2668
4160
2808
1871
301
3129
3555
55
89
4689
2844
1373
3913
852
3866
1994
3232
824
2403
2357
2943
1672
1841
3937
4361
271
1409
3003
3846
1311
697
2099
3146
1355
4396
2883
3960
2520
217
2385
3490
4008
744
882
3670
3286
2740
4248
610
3699
4766
2051
3188
4536
4445
1826
2504
987
232
4336
2199
2315
2028
4472
2086
3316
206
3793
118
560
3124
3162
3736
3477
716
2032
2483
2855
2597
1506
4247
3334
789
1063
2257
3875
4226
3803
1953
1547
1310
2989
2071
4257
5000
1837
3449
4252
832
1973
526
4994
543
1666
2508
1085
1133
4951
2592
1958
3856
3522
3296
3233
4315
1136
513
4907
3629
4697
4986
3549
3274
1513
3362
4444
3145
163
4054
993
1568
4798
864
2794
1516
56
4388
1565
4766
2861
3585
4211
2091
1625
4967
552
1595
1396
1266
4344
2391
4197
3729
4171
4582
4561
281
3579
4008
1780
397
3807
4094
843
453
3853
4220
4355
4949
255
3070
4099
4063
1250
3970
3402
494
2552
3203
3640
4863
4332
2744
2952
2698
4081
3892
3032
876
1610
579
4318
3154
1524
4511
4363
1094
4760
2868
2571
501
3995
4208
1613
3637
3680
2986
807
4801
2396
279
1803
1909
1019
3953
1037
3057
1438
4265
3809
3370
4921
2727
1430
2535
2164
2069
3727
878
693
3318
286
1298
1015
4374
1163
975
3586
1924
4481
2013
3488
2250
2542
3140
2775
1728
176
4078
3930
439
539
2890
3784
2876
4407
3262
4087
4435
2561
4964
122
4317
954
1853
4239
2547
1005
7
688
4507
1729
557
1200
4053
3598
1275
3444
4346
1187
2252
1997
2051
2878
3134
1618
4472
2587
1255
2011
2073
3276
2887
1287
2359
4642
589
2335
4269
437
2758
924
403
224
450
1790
2010
430
4435
4492
4884
1805
2649
889
488
2830
3181
2759
2795
370
1273
4347
276
4761
359
4864
1976
1984
165
4200
3354
4504
665
2136
3125
403
1351
412
619
3927
4432
2977
2241
633
2162
1676
4928
1365
4243
3671
2247
4942
575
2339
3400
1721
2072
2534
544
2374
674
4027
3176
1919
4574
3709
2818
2805
3898
998
4320
3148
169
1794
3961
1622
2135
3704
517
860
2274
1043
3824
187
2670
112
4555
3799
4598
408
558
4259
393
2675
2933
4050
880
2760
4561
4863
2155
1579
2452
4325
653
3013
284
4434
1149
722
155
1150
3437
4747
4142
2882
4742
2183
2918
1274
2161
4290
2476
3867
2997
3747
446
318
2316
1016
983
4815
4375
4013
1162
3534
1009
469
4418
4281
2268
2783
732
3706
1966
220
2107
3815
2996
2487
282
4515
